1111000000000000000 0000000000000000000
1010101000000000000 0000000000000000000
0000000000111110000 0000000000000000000
1100110110000000000 0000000000000000000
0000010010000001001 0000000000000000000
0000000000000001111 0000000000000000000
0000000001110010000 0000000000000000000
0000000111100001100 0000000000000000000
0000101100100001100 0000000000000000000
0000000000000000000 1111000000000000000
0000000000000000000 1010101000000000000
0000000000000000000 0000000000111110000
0000000000000000000 1100110110000000000
0000000000000000000 0000010010000001001
0000000000000000000 0000000000000001111
0000000000000000000 0000000001110010000
0000000000000000000 0000000111100001100
0000000000000000000 0000101100100001100