1000010000000000000000000 0000000000000000000000000
0000000000100001000000000 0000000000000000000000000
0000000001000010000000000 0000000000000000000000000
0000000000000000000100001 0000000000000000000000000
0110001100000000000000000 0000000000000000000000000
0001100011000000000000000 0000000000000000000000000
0000011000110000000000000 0000000000000000000000000
0000000110001100000000000 0000000000000000000000000
0000000000011000110000000 0000000000000000000000000
0000000000000110001100000 0000000000000000000000000
0000000000000001100011000 0000000000000000000000000
0000000000000000011000110 0000000000000000000000000
0000000000000000000000000 0110000000000000000000000
0000000000000000000000000 0001100000000000000000000
0000000000000000000000000 0000000000000000000011000
0000000000000000000000000 0000000000000000000000110
0000000000000000000000000 1100011000000000000000000
0000000000000000000000000 0011000110000000000000000
0000000000000000000000000 0000001100011000000000000
0000000000000000000000000 0000000011000110000000000
0000000000000000000000000 0000000000110001100000000
0000000000000000000000000 0000000000001100011000000
0000000000000000000000000 0000000000000000110001100
0000000000000000000000000 0000000000000000001100011