11110000000000000 00000000000000000
10101100000000000 00000000000000000
00001100110000000 00000000000000000
00000011001100000 00000000000000000
00000000110011000 00000000000000000
00000000001100110 00000000000000000
00000001001000011 00000000000000000
00110110011001100 00000000000000000
00000000000000000 11110000000000000 
00000000000000000 10101100000000000
00000000000000000 00001100110000000
00000000000000000 00000011001100000
00000000000000000 00000000110011000
00000000000000000 00000000001100110
00000000000000000 00000001001000011
00000000000000000 00110110011001100